5 0.415818815785
6 0.479029605619
7 0.598497191854
8 0.668538694933
9 0.735384292039
10 0.791033437345
11 0.842666977942
12 0.903824495799
13 0.943767103208
14 0.984728721851
15 1.03380676842
16 1.06005658205
17 1.12563549193
18 1.12872127608
19 1.19029992848
20 1.2549129619
21 1.26799654533
22 1.31441529882
23 1.33333333333
24 1.39518192276
25 1.42247506688
26 1.44676654082
27 1.46867301386
28 1.52835267987
29 1.51926682559
30 1.52393962839
31 1.56682841141
32 1.61810947562
33 1.66692777043
34 1.6944630471
35 1.66471165665
36 1.7461760642
37 1.72231034338
38 1.8111970597
39 1.7974656707
40 1.82077154425
41 1.89989545148
42 1.87436369536
43 1.9109341109
44 1.9025136262
45 1.93779297313
46 2.02318334561
47 2.04965367945
48 2.09131442696
49 2.04007963687
50 2.13267729085
51 2.06214913832
52 2.02165623486
53 2.13243945783
54 2.13413879431
55 2.09238504099
56 2.20590738412
57 2.18230959247
58 2.24770198553
59 2.26405549499
60 2.29981607841
61 2.30332852813
62 2.34425656151
63 2.36266439593
64 2.37108574225
65 2.37125314836
66 2.41382168175
67 2.44868486516
68 2.46773928038
69 2.4786877025
70 2.50780583342
71 2.4613480283
72 2.54421410667
73 2.5860252609
74 2.59472103393
75 2.55311792081
76 2.56468016563
77 2.63027319925
78 2.63366673628
79 2.66219424816
80 2.66224756251
81 2.73630619406
82 2.74508159974
83 2.74612667326
84 2.74616093824
85 2.76618093475
86 2.74730748085
87 2.79840127492
88 2.83042262288
89 2.8269918843
90 2.84025040215
91 2.86796192361
92 2.82949248616
93 2.85574462263
94 2.90858052694
95 2.90207375154
96 2.93551990403
97 2.99603751615
98 2.97912185268
99 2.97941089284
100 3.06276397137
101 3.08470148616
